,dateRep,day,month,year,cases,deaths,countriesAndTerritories,geoId,countryterritoryCode,popData2018,continentExp,cumulated_cases,growth_ratio
114,2019-12-31,31,12,2019,0,0,United_States_of_America,US,USA,327167434.0,America,0,0.0
113,2020-01-01,1,1,2020,0,0,United_States_of_America,US,USA,327167434.0,America,0,
112,2020-01-02,2,1,2020,0,0,United_States_of_America,US,USA,327167434.0,America,0,
111,2020-01-03,3,1,2020,0,0,United_States_of_America,US,USA,327167434.0,America,0,
110,2020-01-04,4,1,2020,0,0,United_States_of_America,US,USA,327167434.0,America,0,
109,2020-01-05,5,1,2020,0,0,United_States_of_America,US,USA,327167434.0,America,0,
108,2020-01-06,6,1,2020,0,0,United_States_of_America,US,USA,327167434.0,America,0,
107,2020-01-07,7,1,2020,0,0,United_States_of_America,US,USA,327167434.0,America,0,
106,2020-01-08,8,1,2020,0,0,United_States_of_America,US,USA,327167434.0,America,0,
105,2020-01-09,9,1,2020,0,0,United_States_of_America,US,USA,327167434.0,America,0,
104,2020-01-10,10,1,2020,0,0,United_States_of_America,US,USA,327167434.0,America,0,
103,2020-01-11,11,1,2020,0,0,United_States_of_America,US,USA,327167434.0,America,0,
102,2020-01-12,12,1,2020,0,0,United_States_of_America,US,USA,327167434.0,America,0,
101,2020-01-13,13,1,2020,0,0,United_States_of_America,US,USA,327167434.0,America,0,
100,2020-01-14,14,1,2020,0,0,United_States_of_America,US,USA,327167434.0,America,0,
99,2020-01-15,15,1,2020,0,0,United_States_of_America,US,USA,327167434.0,America,0,
98,2020-01-16,16,1,2020,0,0,United_States_of_America,US,USA,327167434.0,America,0,
97,2020-01-17,17,1,2020,0,0,United_States_of_America,US,USA,327167434.0,America,0,
96,2020-01-18,18,1,2020,0,0,United_States_of_America,US,USA,327167434.0,America,0,
95,2020-01-19,19,1,2020,0,0,United_States_of_America,US,USA,327167434.0,America,0,
94,2020-01-20,20,1,2020,0,0,United_States_of_America,US,USA,327167434.0,America,0,
93,2020-01-21,21,1,2020,1,0,United_States_of_America,US,USA,327167434.0,America,1,inf
92,2020-01-22,22,1,2020,0,0,United_States_of_America,US,USA,327167434.0,America,1,0.0
91,2020-01-23,23,1,2020,0,0,United_States_of_America,US,USA,327167434.0,America,1,
90,2020-01-24,24,1,2020,0,0,United_States_of_America,US,USA,327167434.0,America,1,
89,2020-01-25,25,1,2020,1,0,United_States_of_America,US,USA,327167434.0,America,2,inf
88,2020-01-26,26,1,2020,0,0,United_States_of_America,US,USA,327167434.0,America,2,0.0
87,2020-01-27,27,1,2020,3,0,United_States_of_America,US,USA,327167434.0,America,5,inf
86,2020-01-28,28,1,2020,0,0,United_States_of_America,US,USA,327167434.0,America,5,0.0
85,2020-01-29,29,1,2020,0,0,United_States_of_America,US,USA,327167434.0,America,5,
84,2020-01-30,30,1,2020,0,0,United_States_of_America,US,USA,327167434.0,America,5,
83,2020-01-31,31,1,2020,1,0,United_States_of_America,US,USA,327167434.0,America,6,inf
82,2020-02-01,1,2,2020,1,0,United_States_of_America,US,USA,327167434.0,America,7,1.0
81,2020-02-02,2,2,2020,1,0,United_States_of_America,US,USA,327167434.0,America,8,1.0
80,2020-02-03,3,2,2020,3,0,United_States_of_America,US,USA,327167434.0,America,11,3.0
79,2020-02-04,4,2,2020,0,0,United_States_of_America,US,USA,327167434.0,America,11,0.0
78,2020-02-05,5,2,2020,0,0,United_States_of_America,US,USA,327167434.0,America,11,
77,2020-02-06,6,2,2020,1,0,United_States_of_America,US,USA,327167434.0,America,12,inf
76,2020-02-07,7,2,2020,0,0,United_States_of_America,US,USA,327167434.0,America,12,0.0
75,2020-02-08,8,2,2020,0,0,United_States_of_America,US,USA,327167434.0,America,12,
74,2020-02-09,9,2,2020,0,0,United_States_of_America,US,USA,327167434.0,America,12,
73,2020-02-10,10,2,2020,0,0,United_States_of_America,US,USA,327167434.0,America,12,
72,2020-02-11,11,2,2020,1,0,United_States_of_America,US,USA,327167434.0,America,13,inf
71,2020-02-12,12,2,2020,0,0,United_States_of_America,US,USA,327167434.0,America,13,0.0
70,2020-02-13,13,2,2020,1,0,United_States_of_America,US,USA,327167434.0,America,14,inf
69,2020-02-14,14,2,2020,1,0,United_States_of_America,US,USA,327167434.0,America,15,1.0
68,2020-02-15,15,2,2020,0,0,United_States_of_America,US,USA,327167434.0,America,15,0.0
67,2020-02-16,16,2,2020,0,0,United_States_of_America,US,USA,327167434.0,America,15,
66,2020-02-17,17,2,2020,0,0,United_States_of_America,US,USA,327167434.0,America,15,
65,2020-02-18,18,2,2020,0,0,United_States_of_America,US,USA,327167434.0,America,15,
64,2020-02-19,19,2,2020,0,0,United_States_of_America,US,USA,327167434.0,America,15,
63,2020-02-20,20,2,2020,0,0,United_States_of_America,US,USA,327167434.0,America,15,
62,2020-02-21,21,2,2020,1,0,United_States_of_America,US,USA,327167434.0,America,16,inf
61,2020-02-22,22,2,2020,19,0,United_States_of_America,US,USA,327167434.0,America,35,19.0
60,2020-02-23,23,2,2020,0,0,United_States_of_America,US,USA,327167434.0,America,35,0.0
59,2020-02-24,24,2,2020,0,0,United_States_of_America,US,USA,327167434.0,America,35,
58,2020-02-25,25,2,2020,18,0,United_States_of_America,US,USA,327167434.0,America,53,inf
57,2020-02-26,26,2,2020,0,0,United_States_of_America,US,USA,327167434.0,America,53,0.0
56,2020-02-27,27,2,2020,6,0,United_States_of_America,US,USA,327167434.0,America,59,inf
55,2020-02-28,28,2,2020,1,0,United_States_of_America,US,USA,327167434.0,America,60,0.16666666666666666
54,2020-02-29,29,2,2020,6,0,United_States_of_America,US,USA,327167434.0,America,66,6.0
53,2020-03-01,1,3,2020,3,1,United_States_of_America,US,USA,327167434.0,America,69,0.5
52,2020-03-02,2,3,2020,20,1,United_States_of_America,US,USA,327167434.0,America,89,6.666666666666667
51,2020-03-03,3,3,2020,14,4,United_States_of_America,US,USA,327167434.0,America,103,0.7
50,2020-03-04,4,3,2020,22,3,United_States_of_America,US,USA,327167434.0,America,125,1.5714285714285714
49,2020-03-05,5,3,2020,34,2,United_States_of_America,US,USA,327167434.0,America,159,1.5454545454545454
48,2020-03-06,6,3,2020,74,1,United_States_of_America,US,USA,327167434.0,America,233,2.176470588235294
47,2020-03-07,7,3,2020,105,2,United_States_of_America,US,USA,327167434.0,America,338,1.4189189189189189
46,2020-03-08,8,3,2020,95,3,United_States_of_America,US,USA,327167434.0,America,433,0.9047619047619048
45,2020-03-09,9,3,2020,121,4,United_States_of_America,US,USA,327167434.0,America,554,1.2736842105263158
44,2020-03-10,10,3,2020,200,5,United_States_of_America,US,USA,327167434.0,America,754,1.6528925619834711
43,2020-03-11,11,3,2020,271,2,United_States_of_America,US,USA,327167434.0,America,1025,1.355
42,2020-03-12,12,3,2020,287,2,United_States_of_America,US,USA,327167434.0,America,1312,1.0590405904059041
41,2020-03-13,13,3,2020,351,10,United_States_of_America,US,USA,327167434.0,America,1663,1.2229965156794425
40,2020-03-14,14,3,2020,511,7,United_States_of_America,US,USA,327167434.0,America,2174,1.4558404558404558
39,2020-03-15,15,3,2020,777,10,United_States_of_America,US,USA,327167434.0,America,2951,1.5205479452054795
38,2020-03-16,16,3,2020,823,12,United_States_of_America,US,USA,327167434.0,America,3774,1.0592020592020592
37,2020-03-17,17,3,2020,887,16,United_States_of_America,US,USA,327167434.0,America,4661,1.077764277035237
36,2020-03-18,18,3,2020,1766,23,United_States_of_America,US,USA,327167434.0,America,6427,1.9909808342728297
35,2020-03-19,19,3,2020,2988,42,United_States_of_America,US,USA,327167434.0,America,9415,1.6919592298980748
34,2020-03-20,20,3,2020,4835,0,United_States_of_America,US,USA,327167434.0,America,14250,1.6181392235609102
33,2020-03-21,21,3,2020,5374,110,United_States_of_America,US,USA,327167434.0,America,19624,1.1114788004136504
32,2020-03-22,22,3,2020,7123,80,United_States_of_America,US,USA,327167434.0,America,26747,1.3254558987718645
31,2020-03-23,23,3,2020,8459,131,United_States_of_America,US,USA,327167434.0,America,35206,1.187561420749684
30,2020-03-24,24,3,2020,11236,119,United_States_of_America,US,USA,327167434.0,America,46442,1.328289395909682
29,2020-03-25,25,3,2020,8789,211,United_States_of_America,US,USA,327167434.0,America,55231,0.7822178711285155
28,2020-03-26,26,3,2020,13963,249,United_States_of_America,US,USA,327167434.0,America,69194,1.5886904084651268
27,2020-03-27,27,3,2020,16797,246,United_States_of_America,US,USA,327167434.0,America,85991,1.202964978872735
26,2020-03-28,28,3,2020,18695,411,United_States_of_America,US,USA,327167434.0,America,104686,1.1129963683991189
25,2020-03-29,29,3,2020,19979,484,United_States_of_America,US,USA,327167434.0,America,124665,1.068681465632522
24,2020-03-30,30,3,2020,18360,318,United_States_of_America,US,USA,327167434.0,America,143025,0.9189649131588168
23,2020-03-31,31,3,2020,21595,661,United_States_of_America,US,USA,327167434.0,America,164620,1.17619825708061
22,2020-04-01,1,4,2020,24998,909,United_States_of_America,US,USA,327167434.0,America,189618,1.1575827737902291
21,2020-04-02,2,4,2020,27103,1059,United_States_of_America,US,USA,327167434.0,America,216721,1.0842067365389232
20,2020-04-03,3,4,2020,28819,915,United_States_of_America,US,USA,327167434.0,America,245540,1.0633140242777552
19,2020-04-04,4,4,2020,32425,1104,United_States_of_America,US,USA,327167434.0,America,277965,1.1251257850723482
18,2020-04-05,5,4,2020,34272,1344,United_States_of_America,US,USA,327167434.0,America,312237,1.0569622205088667
17,2020-04-06,6,4,2020,25398,1146,United_States_of_America,US,USA,327167434.0,America,337635,0.7410714285714286
16,2020-04-07,7,4,2020,30561,1342,United_States_of_America,US,USA,327167434.0,America,368196,1.2032837231278053
15,2020-04-08,8,4,2020,30613,1906,United_States_of_America,US,USA,327167434.0,America,398809,1.0017015150027813
14,2020-04-09,9,4,2020,33323,1922,United_States_of_America,US,USA,327167434.0,America,432132,1.0885244830627512
13,2020-04-10,10,4,2020,33901,1873,United_States_of_America,US,USA,327167434.0,America,466033,1.0173453770668908
12,2020-04-11,11,4,2020,35527,2087,United_States_of_America,US,USA,327167434.0,America,501560,1.0479631869266393
11,2020-04-12,12,4,2020,28391,1831,United_States_of_America,US,USA,327167434.0,America,529951,0.7991386832549892
10,2020-04-13,13,4,2020,27620,1500,United_States_of_America,US,USA,327167434.0,America,557571,0.9728435067450952
9,2020-04-14,14,4,2020,25023,1541,United_States_of_America,US,USA,327167434.0,America,582594,0.9059739319333816
8,2020-04-15,15,4,2020,26922,2408,United_States_of_America,US,USA,327167434.0,America,609516,1.0758901810334491
7,2020-04-16,16,4,2020,30148,4928,United_States_of_America,US,USA,327167434.0,America,639664,1.119827650248867
6,2020-04-17,17,4,2020,31667,2299,United_States_of_America,US,USA,327167434.0,America,671331,1.0503847684755208
5,2020-04-18,18,4,2020,30833,3770,United_States_of_America,US,USA,327167434.0,America,702164,0.9736634351217356
4,2020-04-19,19,4,2020,32922,1856,United_States_of_America,US,USA,327167434.0,America,735086,1.0677520838063115
3,2020-04-20,20,4,2020,24601,1772,United_States_of_America,US,USA,327167434.0,America,759687,0.7472510783062998
2,2020-04-21,21,4,2020,28065,1857,United_States_of_America,US,USA,327167434.0,America,787752,1.1408072842567376
1,2020-04-22,22,4,2020,37289,2524,United_States_of_America,US,USA,327167434.0,America,825041,1.3286655977195796
0,2020-04-23,23,4,2020,17588,1721,United_States_of_America,US,USA,327167434.0,America,842629,0.471667247713803
